2 3 30 7 0 0 6 0 0 0 0 1 0 0 0 0 7 0 0 0 0 0 10 0 0 0 0 0 0 0 1 0 0 0 1 13 16 14 0 0 0 0 3 4 0 2 8 6 10 7 0 14 0 0 12 2 1 0
2 0 5 3 0 0 2 0 0 0 1 0 0 0 0 0 15 0 0 0 0 0 13 0 0 0 0 0 1 0 3 0 0 0 0 2 11 6 0 0 0 0 0 1 3 13 5 17 0 2 2 7 0 0 5 0 1 0
2 1 15 9 0 0 0 0 0 0 0 0 0 0 0 0 6 1 0 1 0 0 6 4 0 0 0 0 0 0 1 0 0 2 0 5 9 10 0 0 0 4 1 0 1 2 2 2 0 0 7 8 0 0 5 0 2 0
7 0 26 3 0 2 3 0 0 0 3 0 0 0 2 0 19 0 0 2 0 0 5 22 1 0 0 0 0 1 3 0 0 0 1 7 3 6 0 0 0 4 0 3 1 3 1 0 1 0 4 5 0 0 1 0 0 1
5 0 19 1 0 0 0 8 0 0 0 0 0 0 0 0 11 0 0 8 0 0 1 18 1 0 0 0 0 3 4 0 0 0 0 4 5 4 0 0 0 10 0 0 1 0 1 0 0 0 9 3 1 0 1 0 0 0
8 0 23 3 0 1 2 0 0 0 2 0 0 2 0 0 16 0 0 8 0 0 6 17 2 0 0 0 0 0 0 0 0 0 2 10 1 6 1 1 0 8 0 4 4 1 0 0 0 0 5 5 0 0 1 0 1 0
5 0 30 0 5 0 1 8 4 0 0 0 0 0 0 0 7 2 0 45 2 0 0 32 0 0 0 0 0 0 4 0 0 0 0 0 8 0 0 0 0 6 0 2 0 15 0 0 0 0 4 0 0 0 0 0 0 0
5 0 15 0 10 0 1 10 17 0 0 0 0 0 0 0 1 0 0 52 8 1 0 31 1 0 0 0 0 0 3 0 0 0 2 0 6 0 0 0 1 10 0 0 0 4 0 0 0 0 1 0 0 0 1 0 0 0
3 0 20 0 12 0 0 9 30 1 0 0 0 0 0 0 3 0 0 52 8 0 0 38 0 1 1 0 0 0 3 0 0 0 0 0 3 0 0 0 0 3 0 0 0 12 0 0 0 0 0 0 0 0 1 0 0 0
1 0 19 0 0 0 0 17 2 1 0 0 0 0 0 0 1 0 0 13 0 0 0 68 0 1 0 1 0 0 11 2 7 0 0 0 1 0 0 0 0 18 0 0 0 19 0 0 0 0 0 0 0 0 0 0 0 0
26 0 55 0 0 0 1 1 0 0 0 0 0 0 0 0 15 0 1 9 0 0 4 7 1 0 0 0 0 4 4 0 0 0 0 4 1 1 0 0 0 5 0 6 0 0 0 0 0 0 5 0 0 0 0 0 0 0
17 1 68 0 0 0 0 0 0 0 0 0 0 0 0 0 57 0 0 9 0 0 1 11 0 0 0 0 0 1 3 0 0 0 0 2 2 0 0 0 0 8 0 8 0 0 0 0 0 0 11 0 0 1 0 0 0 0
29 0 59 0 0 0 2 0 0 0 0 0 0 0 0 1 25 0 0 17 0 0 2 14 0 0 0 0 0 6 5 0 0 0 0 11 0 2 1 0 0 2 0 7 1 0 0 0 0 0 8 0 0 0 0 0 0 0
22 0 41 0 0 0 1 0 0 0 0 0 1 0 0 0 24 2 0 9 0 0 6 22 0 0 0 0 0 1 9 0 0 1 2 2 8 3 1 0 0 5 0 10 2 3 0 0 1 0 3 0 0 1 0 0 0 0
3 0 9 0 2 0 2 0 0 0 13 0 0 8 0 0 0 0 3 0 0 0 0 0 9 1 0 0 1 0 0 0 8 0 0 0 0 0 0 0 0 0 0 0 0 0 0 0 0 0 0 0 0 1 0 0 0 0 0 0 2 0 3 0 0 12 0 0 0 3 0 17 0 0 0 0 0 1 1 0 8 0 0 0 1 22 0 0 0 0 0 0 0 1 4 11 18 0 0 2 0 12 0 2
9 0 1 0 3 1 1 1 0 0 7 0 0 10 0 0 0 1 0 0 0 0 0 0 6 0 0 0 0 0 0 0 10 0 0 0 0 0 0 0 0 0 0 0 0 0 0 0 0 1 0 0 0 1 0 0 0 0 0 0 0 0 0 0 1 8 1 0 0 2 0 2 0 0 0 0 0 0 6 0 5 0 0 0 10 19 0 0 0 0 0 1 0 1 3 7 0 0 0 0 1 1 0 0
7 0 1 0 4 1 0 0 1 0 4 0 0 3 0 0 0 1 1 0 0 0 0 1 2 0 0 0 0 0 2 0 5 0 0 1 0 0 0 0 0 0 0 0 0 0 0 0 0 0 0 1 0 2 0 3 1 0 0 0 0 0 0 1 0 7 0 0 2 7 1 3 0 0 1 0 0 0 2 2 2 0 0 0 0 19 0 1 0 0 0 0 1 0 3 6 2 0 0 0 1 4 0 0
11 1 2 0 2 0 8 0 5 0 0 0 0 0 0 0 0 2 1 0 0 0 0 0 4 0 0 0 0 0 2 0 10 0 0 0 1 4 2 0 4 0 0 10 0 3 0 1 0 0 3 2 1 0 5 1 6 3 0 0 0 0 1 1 0 1 1 0 6 8 0 0 0 0 0 0 0 0 5 2 8 0 0 0 0 4 0 0 0 0 0 0 4 0 1 2 1 0 0 0 0 1 0 0
5 0 3 0 1 3 9 0 3 0 1 0 0 0 0 0 3 1 0 0 0 0 0 0 7 0 0 1 0 0 2 0 6 1 0 2 1 2 0 0 2 2 8 0 0 2 0 0 0 0 2 6 0 0 0 0 4 0 1 0 0 1 2 1 0 0 1 0 1 4 1 2 0 1 6 0 1 0 0 1 6 2 0 1 3 0 0 1 0 0 0 1 2 0 0 0 1 0 0 0 0 0 1 0
12 2 6 0 0 0 8 0 2 0 3 0 0 1 0 0 0 2 0 1 1 0 0 0 6 0 1 0 0 0 1 0 12 4 0 4 0 1 0 2 1 0 0 0 0 0 0 2 0 0 2 0 0 0 0 4 4 1 0 0 0 0 0 0 0 1 0 0 7 15 0 3 0 0 0 1 0 0 1 2 8 0 0 0 5 2 0 0 0 0 0 4 3 0 2 2 0 0 0 0 1 0 0 0
4 1 2 7 9 0 0 0 10 4 0 1 0 0 1 0 0 0 0 4 0 0 2 0 0 0 0 0 0 0 0 1 6 0 0 4 0 0 0 0 0 0 0 0 3 2 4 1 0 0 0 0 0 0 0 22 4 0 0 5 0 0 0 0 0 0 0 0 3 2 0 0 21 0 7 0 0 0 0 1 12 1 0 0 6 0 8 0 0 2 0 1 1 0 0 14 0 1 2 0 0 1 0 0
1 1 0 14 7 0 0 0 8 12 0 1 0 0 4 2 0 0 0 2 0 1 2 0 0 0 0 0 0 1 1 0 2 0 0 0 1 0 0 0 0 0 0 0 2 0 7 3 0 0 1 0 0 0 0 28 2 0 0 6 0 0 0 0 0 0 0 0 0 2 0 0 19 0 2 0 0 0 0 1 11 3 0 0 2 0 10 0 0 7 1 2 2 0 1 8 0 0 0 0 0 0 0 0
4 0 1 15 3 0 0 0 7 8 0 0 0 0 2 1 0 0 0 2 0 1 1 0 0 0 0 0 0 3 0 0 8 0 0 0 0 0 0 0 0 0 0 0 1 0 4 10 0 0 0 0 0 0 0 41 4 0 0 2 0 0 0 0 0 0 0 0 0 1 0 0 37 0 4 0 1 0 0 0 10 2 1 0 1 0 3 0 0 6 0 2 3 0 0 10 0 0 1 0 0 0 0 0
10 0 0 2 1 0 0 0 9 0 0 4 0 0 0 0 0 0 0 4 0 0 0 0 0 0 0 0 0 1 0 0 14 0 0 0 0 0 0 0 0 0 0 0 2 0 0 6 1 0 0 0 0 0 0 9 20 0 0 9 0 0 0 0 0 0 0 0 1 16 0 0 10 0 4 0 0 0 0 0 14 0 0 0 22 0 8 0 0 2 0 2 0 0 0 3 0 4 4 0 0 0 0 0
25 0 17 0 6 2 1 0 14 0 0 0 0 1 0 0 0 0 0 0 0 0 0 0 5 0 0 0 3 0 0 0 8 0 1 1 0 0 0 0 0 0 0 0 1 1 0 0 0 0 0 1 0 0 0 9 3 0 0 0 0 0 1 1 0 0 0 1 20 6 0 0 0 0 0 0 0 0 1 3 4 0 0 0 2 0 0 1 1 0 0 1 9 0 0 0 0 0 0 0 0 0 0 0
26 0 14 0 7 0 0 0 23 0 0 0 0 0 0 0 0 0 0 1 0 0 0 0 5 0 0 0 0 0 15 0 33 0 0 0 0 0 0 0 0 0 0 0 1 3 0 6 0 0 0 0 0 0 0 15 5 0 0 0 0 0 2 0 0 0 0 0 16 2 0 0 0 3 0 0 0 0 0 0 7 0 0 0 0 0 0 3 0 0 0 6 6 0 0 0 0 0 1 0 0 0 0 0
23 0 17 0 4 3 7 0 5 0 1 0 0 0 0 0 0 0 0 0 0 0 0 0 2 0 0 0 0 0 12 0 8 1 0 4 0 0 0 0 0 0 0 0 3 3 0 3 0 0 0 3 0 0 0 15 2 0 0 0 0 0 2 0 0 0 0 0 23 14 0 3 0 0 0 0 0 0 0 0 9 0 0 0 0 1 0 5 0 0 0 3 14 0 0 2 0 0 0 0 0 0 0 0
17 3 10 0 8 1 3 0 5 0 0 0 1 0 0 0 0 0 3 1 0 0 0 0 13 0 0 0 0 0 2 0 9 6 0 7 0 2 0 0 0 0 0 0 2 4 0 1 0 0 0 3 0 0 0 2 0 0 0 0 0 0 1 3 0 0 0 0 10 9 0 0 0 0 0 0 0 0 6 3 24 0 0 0 1 2 0 6 0 0 0 0 7 1 0 4 0 0 0 0 0 0 0 0
0 0 0 0 1 10 6 0 0 9 0 0 0 34 0 2 0 3 0 29 14 7 10 0 2 0 3 1 3 0 0 1 0 0 0 3 20 0 0 14 8
1 0 0 0 11 0 5 0 0 0 0 0 0 30 0 0 0 1 0 1 16 7 0 0 6 0 6 0 1 0 1 0 0 0 0 2 20 0 0 10 2
2 0 0 0 1 6 2 0 2 5 1 0 0 26 0 0 0 4 0 6 10 8 2 0 1 0 9 0 3 0 1 0 0 1 0 0 7 0 0 8 1
15 0 0 0 1 0 0 0 4 7 5 0 0 26 0 0 0 12 0 7 12 21 0 0 8 0 1 0 4 0 2 0 0 4 0 1 6 0 0 4 0
10 0 0 0 1 1 1 0 5 7 0 0 0 24 0 0 0 5 0 7 6 13 0 10 12 0 0 1 5 0 1 0 0 1 0 0 5 1 0 2 0
5 0 0 0 3 3 0 0 2 10 2 0 0 27 0 0 0 10 0 6 13 14 1 0 7 0 0 2 6 0 2 0 0 6 0 3 15 1 1 1 0
29 1 0 0 0 0 14 0 11 14 0 0 0 12 0 0 0 3 0 14 1 30 1 19 0 1 0 6 6 1 8 0 0 9 0 0 0 0 0 0 0
32 1 1 1 1 0 6 0 8 23 0 0 1 8 4 0 0 0 0 13 1 37 1 19 0 0 0 4 4 0 8 0 0 5 1 1 0 0 0 0 0
40 1 0 0 0 0 9 0 16 34 0 1 0 8 2 0 0 0 0 7 0 46 0 15 0 2 0 2 2 0 7 0 0 7 0 0 0 1 0 0 0
24 2 0 0 0 0 3 0 25 25 0 0 0 4 0 0 0 1 0 3 0 26 2 14 0 0 0 23 0 0 13 16 0 1 0 0 0 0 0 0 0
2 0 0 0 4 0 0 1 9 13 0 0 0 13 0 0 0 17 0 20 19 26 6 0 3 0 0 2 3 0 0 0 1 5 0 0 5 0 0 1 0
11 0 0 0 12 0 0 0 18 27 0 0 0 36 0 0 0 12 0 17 18 27 6 0 0 0 0 0 7 0 2 0 0 4 0 0 2 0 0 1 0
9 0 0 0 10 1 0 0 8 17 0 0 0 15 0 0 0 21 0 23 20 27 3 0 10 0 0 0 6 0 3 0 0 4 0 0 11 1 1 2 0
3 0 0 0 4 0 2 0 9 3 0 0 0 27 0 0 0 14 0 19 26 18 1 0 4 0 0 1 18 0 7 0 0 9 0 3 5 1 1 4 1
3 9 0 10 15 1 0 0 0 0 0 0 0 0 0 0 0 4 0 0 0 0 13 0 0 3 5 30 15 0 1 12 0 10 14 2 0 0 0 0 0 0 2 0 0 0 0 0 0 0 0 1 30 0 0
2 4 0 11 10 0 0 1 0 0 2 0 0 0 0 0 0 13 0 0 0 0 9 0 0 2 1 7 4 0 6 2 0 13 6 9 0 0 0 0 1 1 3 0 0 0 0 0 0 0 1 0 11 0 1
6 2 1 5 5 3 0 0 0 3 1 0 3 0 0 0 0 7 0 0 1 0 11 3 0 3 4 4 4 0 1 3 0 7 8 7 1 0 0 0 0 0 2 1 0 0 0 0 0 0 2 0 6 0 2
16 3 3 6 3 0 1 4 0 5 2 0 10 1 1 5 0 11 1 1 7 0 1 1 0 3 3 2 2 0 1 1 0 9 7 5 0 0 0 0 0 0 1 5 0 0 0 0 0 0 8 1 3 2 5
6 6 1 11 0 0 1 3 0 7 2 0 6 0 0 5 0 9 0 2 15 0 1 0 0 0 1 3 3 1 3 1 0 2 0 0 1 0 0 0 0 0 1 4 0 0 0 8 0 0 7 2 0 0 6
6 7 1 15 5 2 3 3 0 5 4 0 1 0 0 7 0 20 0 2 3 0 0 0 0 1 1 10 2 1 4 3 0 11 5 2 0 0 0 0 0 0 2 1 0 1 0 0 0 0 6 1 1 3 1
5 0 0 12 0 2 0 4 0 2 12 1 0 0 1 0 0 15 0 2 1 16 0 0 0 28 4 9 0 0 1 10 10 3 5 0 0 0 1 0 0 0 5 1 0 0 3 0 1 1 16 5 0 0 4
1 0 0 6 0 2 0 1 0 1 9 3 0 0 0 0 1 12 0 0 0 13 0 0 0 46 2 6 0 0 1 9 21 0 1 0 0 0 3 0 0 0 6 0 0 2 5 0 0 0 17 3 0 0 9
4 0 0 6 0 0 0 1 0 2 7 7 2 0 0 0 0 8 0 0 0 24 0 0 0 35 1 20 0 0 0 6 15 1 1 0 0 0 3 0 0 0 10 0 1 1 5 0 1 0 31 1 0 0 7
9 0 0 0 0 2 0 9 0 0 19 3 0 0 4 0 0 2 0 2 11 8 0 0 1 27 2 3 0 0 0 7 1 1 18 0 0 0 0 0 0 0 7 0 5 0 2 0 0 0 16 23 0 0 0
12 0 0 14 0 17 1 1 1 16 0 0 2 0 0 0 0 22 0 4 0 0 0 0 0 0 2 4 0 1 1 2 0 5 3 1 0 1 0 0 0 0 4 0 0 1 0 0 0 0 33 1 0 1 0
40 0 0 13 0 17 1 1 0 7 0 0 1 3 0 0 0 15 0 25 1 0 0 0 0 6 3 7 0 0 1 6 0 15 7 0 0 0 0 0 0 0 1 0 0 0 0 0 0 0 28 0 0 2 0
20 1 0 20 0 19 0 3 0 16 1 0 2 0 0 0 0 28 0 8 0 0 0 0 0 2 1 6 2 1 2 3 0 7 9 4 0 0 0 0 0 0 7 0 0 0 0 0 0 0 30 0 0 0 0
10 4 0 19 0 4 1 0 0 5 0 1 2 0 0 0 0 27 0 5 2 1 3 0 0 0 3 17 0 2 13 4 0 10 10 2 0 0 0 1 0 0 9 0 0 0 0 0 0 0 17 2 0 5 1
18 40 2 1 0 0 0 15 43 0 1 0 1 46 2 4 0 7 0
33 21 2 0 0 0 0 13 15 7 2 0 0 12 8 2 5 0 0
20 23 9 1 0 0 0 7 17 4 0 1 0 12 1 3 0 8 0
20 22 24 4 0 0 0 13 26 5 2 0 1 9 8 5 0 1 0
19 30 22 2 1 0 0 18 14 0 1 0 2 7 2 0 0 0 0
33 23 20 3 1 0 0 12 15 3 3 0 1 9 11 4 0 2 0
25 32 9 30 0 0 11 3 10 10 6 0 23 13 3 3 0 2 0
16 40 8 48 0 0 7 0 5 15 11 0 19 9 0 0 0 1 1
11 44 13 38 0 0 5 1 5 19 9 0 35 18 1 0 0 1 0
2 15 20 30 0 2 17 8 11 2 7 0 35 14 1 15 1 2 0
29 22 26 7 0 0 0 4 14 1 5 0 1 33 5 3 0 0 0
21 21 23 13 0 0 0 26 43 2 2 0 0 26 16 7 0 0 0
37 33 25 12 1 0 0 8 22 0 7 0 0 29 9 6 0 3 0
37 43 8 8 0 0 0 12 15 10 9 1 2 13 12 6 0 4 0

